All_Command_lines_OK
Using double precision for computations.
All_Command_lines_OK
Using double precision for computations.
All_Command_lines_OK
Using double precision for computations.
All_Command_lines_OK
Using double precision for computations.
All_Command_lines_OK
Using double precision for computations.
 file /array/hdd/msmajdi/data/preprocessed/Siemens/UA_adcc/CSFn/step0_uncropped//case_10_UA_Siemens_WMn/wmn.nii.gz does not exist . 
Exception Object caught: 

itk::ExceptionObject (0x4d68a90)
Location: "unknown" 
File: /array/hdd/msmajdi/bin/ants/ITKv4-install/include/ITK-4.12/itkCenteredTransformInitializer.hxx
Line: 47
Description: itk::ERROR: CenteredTransformInitializer(0x4d5e6b0): Moving Image has not been set


 file /array/hdd/msmajdi/data/preprocessed/Siemens/UA_adcc/CSFn/step0_uncropped//case_10_UA_Siemens_WMn/Label/1-THALAMUS.nii.gz does not exist . 
Transform file does not exist: /array/hdd/msmajdi/data/preprocessed/Siemens/UA_adcc/CSFn/step0_uncropped//case_10_UA_Siemens_WMn/aff0GenericAffine.mat
 file /array/hdd/msmajdi/data/preprocessed/Siemens/UA_adcc/CSFn/step0_uncropped//case_10_UA_Siemens_WMn/Label/2-AV.nii.gz does not exist . 
Transform file does not exist: /array/hdd/msmajdi/data/preprocessed/Siemens/UA_adcc/CSFn/step0_uncropped//case_10_UA_Siemens_WMn/aff0GenericAffine.mat
 file /array/hdd/msmajdi/data/preprocessed/Siemens/UA_adcc/CSFn/step0_uncropped//case_10_UA_Siemens_WMn/Label/4-VA.nii.gz does not exist . 
Transform file does not exist: /array/hdd/msmajdi/data/preprocessed/Siemens/UA_adcc/CSFn/step0_uncropped//case_10_UA_Siemens_WMn/aff0GenericAffine.mat
 file /array/hdd/msmajdi/data/preprocessed/Siemens/UA_adcc/CSFn/step0_uncropped//case_10_UA_Siemens_WMn/Label/5-VLa.nii.gz does not exist . 
Transform file does not exist: /array/hdd/msmajdi/data/preprocessed/Siemens/UA_adcc/CSFn/step0_uncropped//case_10_UA_Siemens_WMn/aff0GenericAffine.mat
 file /array/hdd/msmajdi/data/preprocessed/Siemens/UA_adcc/CSFn/step0_uncropped//case_10_UA_Siemens_WMn/Label/6-VLP.nii.gz does not exist . 
=============================================================================
The composite transform comprises the following transforms (in order): 
  1. Center of mass alignment using fixed image: /array/hdd/msmajdi/data/preprocessed/Siemens/UA_adcc/CSFn/step0_uncropped//case_11_UA_Siemens_WMn/csfn.nii.gz and moving image: /array/hdd/msmajdi/data/preprocessed/Siemens/UA_adcc/CSFn/step0_uncropped//case_11_UA_Siemens_WMn/wmn.nii.gz (type = Euler3DTransform)
=============================================================================
  number of levels = 4
  number of levels = 4
  fixed image: /array/hdd/msmajdi/data/preprocessed/Siemens/UA_adcc/CSFn/step0_uncropped//case_11_UA_Siemens_WMn/csfn.nii.gz
  moving image: /array/hdd/msmajdi/data/preprocessed/Siemens/UA_adcc/CSFn/step0_uncropped//case_11_UA_Siemens_WMn/wmn.nii.gz
=============================================================================
The composite transform comprises the following transforms (in order): 
  1. Center of mass alignment using fixed image: /array/hdd/msmajdi/data/preprocessed/Siemens/UA_adcc/CSFn/step0_uncropped//case_12_UA_Siemens_WMn/csfn.nii.gz and moving image: /array/hdd/msmajdi/data/preprocessed/Siemens/UA_adcc/CSFn/step0_uncropped//case_12_UA_Siemens_WMn/wmn.nii.gz (type = Euler3DTransform)
=============================================================================
  number of levels = 4
  number of levels = 4
  fixed image: /array/hdd/msmajdi/data/preprocessed/Siemens/UA_adcc/CSFn/step0_uncropped//case_12_UA_Siemens_WMn/csfn.nii.gz
  moving image: /array/hdd/msmajdi/data/preprocessed/Siemens/UA_adcc/CSFn/step0_uncropped//case_12_UA_Siemens_WMn/wmn.nii.gz
Transform file does not exist: /array/hdd/msmajdi/data/preprocessed/Siemens/UA_adcc/CSFn/step0_uncropped//case_10_UA_Siemens_WMn/aff0GenericAffine.mat
 file /array/hdd/msmajdi/data/preprocessed/Siemens/UA_adcc/CSFn/step0_uncropped//case_10_UA_Siemens_WMn/Label/7-VPL.nii.gz does not exist . 
Transform file does not exist: /array/hdd/msmajdi/data/preprocessed/Siemens/UA_adcc/CSFn/step0_uncropped//case_10_UA_Siemens_WMn/aff0GenericAffine.mat
 file /array/hdd/msmajdi/data/preprocessed/Siemens/UA_adcc/CSFn/step0_uncropped//case_10_UA_Siemens_WMn/Label/8-Pul.nii.gz does not exist . 
=============================================================================
The composite transform comprises the following transforms (in order): 
  1. Center of mass alignment using fixed image: /array/hdd/msmajdi/data/preprocessed/Siemens/UA_adcc/CSFn/step0_uncropped//case_14_UA_Siemens_WMn/csfn.nii.gz and moving image: /array/hdd/msmajdi/data/preprocessed/Siemens/UA_adcc/CSFn/step0_uncropped//case_14_UA_Siemens_WMn/wmn.nii.gz (type = Euler3DTransform)
=============================================================================
=============================================================================
The composite transform comprises the following transforms (in order): 
  1. Center of mass alignment using fixed image: /array/hdd/msmajdi/data/preprocessed/Siemens/UA_adcc/CSFn/step0_uncropped//case_13_UA_Siemens_WMn/csfn.nii.gz and moving image: /array/hdd/msmajdi/data/preprocessed/Siemens/UA_adcc/CSFn/step0_uncropped//case_13_UA_Siemens_WMn/wmn.nii.gz (type = Euler3DTransform)
=============================================================================
  number of levels = 4
  number of levels = 4
  fixed image: /array/hdd/msmajdi/data/preprocessed/Siemens/UA_adcc/CSFn/step0_uncropped//case_14_UA_Siemens_WMn/csfn.nii.gz
  moving image: /array/hdd/msmajdi/data/preprocessed/Siemens/UA_adcc/CSFn/step0_uncropped//case_14_UA_Siemens_WMn/wmn.nii.gz
  number of levels = 4
  number of levels = 4
  fixed image: /array/hdd/msmajdi/data/preprocessed/Siemens/UA_adcc/CSFn/step0_uncropped//case_13_UA_Siemens_WMn/csfn.nii.gz
  moving image: /array/hdd/msmajdi/data/preprocessed/Siemens/UA_adcc/CSFn/step0_uncropped//case_13_UA_Siemens_WMn/wmn.nii.gz
Transform file does not exist: /array/hdd/msmajdi/data/preprocessed/Siemens/UA_adcc/CSFn/step0_uncropped//case_10_UA_Siemens_WMn/aff0GenericAffine.mat
  fixed image: /array/hdd/msmajdi/data/preprocessed/Siemens/UA_adcc/CSFn/step0_uncropped//case_11_UA_Siemens_WMn/csfn.nii.gz
  moving image: /array/hdd/msmajdi/data/preprocessed/Siemens/UA_adcc/CSFn/step0_uncropped//case_11_UA_Siemens_WMn/wmn.nii.gz
 file /array/hdd/msmajdi/data/preprocessed/Siemens/UA_adcc/CSFn/step0_uncropped//case_10_UA_Siemens_WMn/Label/9-LGN.nii.gz does not exist . 
  fixed image: /array/hdd/msmajdi/data/preprocessed/Siemens/UA_adcc/CSFn/step0_uncropped//case_12_UA_Siemens_WMn/csfn.nii.gz
  moving image: /array/hdd/msmajdi/data/preprocessed/Siemens/UA_adcc/CSFn/step0_uncropped//case_12_UA_Siemens_WMn/wmn.nii.gz
Transform file does not exist: /array/hdd/msmajdi/data/preprocessed/Siemens/UA_adcc/CSFn/step0_uncropped//case_10_UA_Siemens_WMn/aff0GenericAffine.mat
 file /array/hdd/msmajdi/data/preprocessed/Siemens/UA_adcc/CSFn/step0_uncropped//case_10_UA_Siemens_WMn/Label/10-MGN.nii.gz does not exist . 
Transform file does not exist: /array/hdd/msmajdi/data/preprocessed/Siemens/UA_adcc/CSFn/step0_uncropped//case_10_UA_Siemens_WMn/aff0GenericAffine.mat
 file /array/hdd/msmajdi/data/preprocessed/Siemens/UA_adcc/CSFn/step0_uncropped//case_10_UA_Siemens_WMn/Label/11-CM.nii.gz does not exist . 
  fixed image: /array/hdd/msmajdi/data/preprocessed/Siemens/UA_adcc/CSFn/step0_uncropped//case_14_UA_Siemens_WMn/csfn.nii.gz
  moving image: /array/hdd/msmajdi/data/preprocessed/Siemens/UA_adcc/CSFn/step0_uncropped//case_14_UA_Siemens_WMn/wmn.nii.gz
  fixed image: /array/hdd/msmajdi/data/preprocessed/Siemens/UA_adcc/CSFn/step0_uncropped//case_13_UA_Siemens_WMn/csfn.nii.gz
  moving image: /array/hdd/msmajdi/data/preprocessed/Siemens/UA_adcc/CSFn/step0_uncropped//case_13_UA_Siemens_WMn/wmn.nii.gz
Dimension = 3
Number of stages = 2
Use Histogram Matching false
Winsorize image intensities false
Lower quantile = 0
Upper quantile = 1
Stage 1 State
   Image metric = Mattes
     Fixed image = Image (0x55ca040)
  RTTI typeinfo:   itk::Image<double, 3u>
  Reference Count: 2
  Modified Time: 1584
  Debug: Off
  Object Name: 
  Observers: 
    none
  Source: (none)
  Source output name: (none)
  Release Data: Off
  Data Released: False
  Global Release Data: Off
  PipelineMTime: 0
  UpdateMTime: 1406
  RealTimeStamp: 0 seconds 
  LargestPossibleRegion: 
    Dimension: 3
    Index: [0, 0, 0]
    Size: [256, 256, 176]
  BufferedRegion: 
    Dimension: 3
    Index: [0, 0, 0]
    Size: [256, 256, 176]
  RequestedRegion: 
    Dimension: 3
    Index: [0, 0, 0]
    Size: [256, 256, 176]
  Spacing: [1, 1, 1]
  Origin: [-79.7816, -147.978, 111.765]
  Direction: 
-0.0136866 -0.00110394 0.999906
0.985074 0.171586 0.013673
0.171585 -0.985168 0.00126096

  IndexToPointMatrix: 
-0.0136866 -0.00110394 0.999906
0.985074 0.171586 0.013673
0.171585 -0.985168 0.00126096

  PointToIndexMatrix: 
-0.0136866 0.985074 0.171585
-0.00110394 0.171586 -0.985168
0.999906 0.013673 0.00126096

  Inverse Direction: 
-0.0136866 0.985074 0.171585
-0.00110394 0.171586 -0.985168
0.999906 0.013673 0.00126096

  PixelContainer: 
    ImportImageContainer (0x55c6a10)
      RTTI typeinfo:   itk::ImportImageContainer<unsigned long, double>
      Reference Count: 1
      Modified Time: 1403
      Debug: Off
      Object Name: 
      Observers: 
        none
      Pointer: 0x7fdd978d7010
      Container manages memory: true
      Size: 11534336
      Capacity: 11534336

     Moving image = Image (0x55c7df0)
  RTTI typeinfo:   itk::Image<double, 3u>
  Reference Count: 2
  Modified Time: 1585
  Debug: Off
  Object Name: 
  Observers: 
    none
  Source: (none)
  Source output name: (none)
  Release Data: Off
  Data Released: False
  Global Release Data: Off
  PipelineMTime: 0
  UpdateMTime: 1582
  RealTimeStamp: 0 seconds 
  LargestPossibleRegion: 
    Dimension: 3
    Index: [0, 0, 0]
    Size: [448, 448, 160]
  BufferedRegion: 
    Dimension: 3
    Index: [0, 0, 0]
    Size: [448, 448, 160]
  RequestedRegion: 
    Dimension: 3
    Index: [0, 0, 0]
    Size: [448, 448, 160]
  Spacing: [0.5, 0.5, 1.1]
  Origin: [-105.426, -102.831, -54.0213]
  Direction: 
0.999702 -0.0244307 2.55108e-08
0.0244158 0.999093 0.0348995
-0.000852645 -0.0348891 0.999391

  IndexToPointMatrix: 
0.499851 -0.0122154 2.80619e-08
0.0122079 0.499546 0.0383894
-0.000426323 -0.0174445 1.09933

  PointToIndexMatrix: 
1.9994 0.0488317 -0.00170529
-0.0488614 1.99819 -0.0697782
2.31535e-08 0.0317268 0.908537

  Inverse Direction: 
0.999702 0.0244158 -0.000852645
-0.0244307 0.999093 -0.0348891
2.54688e-08 0.0348995 0.999391

  PixelContainer: 
    ImportImageContainer (0x55bb9d0)
      RTTI typeinfo:   itk::ImportImageContainer<unsigned long, double>
      Reference Count: 1
      Modified Time: 1579
      Debug: Off
      Object Name: 
      Observers: 
        none
      Pointer: 0x7fdd883d6010
      Container manages memory: true
      Size: 32112640
      Capacity: 32112640

     Weighting = 1
     Sampling strategy = regular
     Number of bins = 32
     Radius = 4
     Sampling percentage  = 0.25
   Transform = Rigid
     Gradient step = 0.1
     Update field sigma (voxel space) = 0
     Total field sigma (voxel space) = 0
     Update field time sigma = 0
     Total field time sigma  = 0
     Number of time indices = 0
     Number of time point samples = 0
Stage 2 State
   Image metric = Mattes
     Fixed image = Image (0x55d8200)
  RTTI typeinfo:   itk::Image<double, 3u>
  Reference Count: 2
  Modified Time: 1936
  Debug: Off
  Object Name: 
  Observers: 
    none
  Source: (none)
  Source output name: (none)
  Release Data: Off
  Data Released: False
  Global Release Data: Off
  PipelineMTime: 0
  UpdateMTime: 1758
  RealTimeStamp: 0 seconds 
  LargestPossibleRegion: 
    Dimension: 3
    Index: [0, 0, 0]
    Size: [256, 256, 176]
  BufferedRegion: 
    Dimension: 3
    Index: [0, 0, 0]
    Size: [256, 256, 176]
  RequestedRegion: 
    Dimension: 3
    Index: [0, 0, 0]
    Size: [256, 256, 176]
  Spacing: [1, 1, 1]
  Origin: [-79.7816, -147.978, 111.765]
  Direction: 
-0.0136866 -0.00110394 0.999906
0.985074 0.171586 0.013673
0.171585 -0.985168 0.00126096

  IndexToPointMatrix: 
-0.0136866 -0.00110394 0.999906
0.985074 0.171586 0.013673
0.171585 -0.985168 0.00126096

  PointToIndexMatrix: 
-0.0136866 0.985074 0.171585
-0.00110394 0.171586 -0.985168
0.999906 0.013673 0.00126096

  Inverse Direction: 
-0.0136866 0.985074 0.171585
-0.00110394 0.171586 -0.985168
0.999906 0.013673 0.00126096

  PixelContainer: 
    ImportImageContainer (0x55c7520)
      RTTI typeinfo:   itk::ImportImageContainer<unsigned long, double>
      Reference Count: 1
      Modified Time: 1755
      Debug: Off
      Object Name: 
      Observers: 
        none
      Pointer: 0x7fdd82bd5010
      Container manages memory: true
      Size: 11534336
      Capacity: 11534336

     Moving image = Image (0x55da520)
  RTTI typeinfo:   itk::Image<double, 3u>
  Reference Count: 2
  Modified Time: 1937
  Debug: Off
  Object Name: 
  Observers: 
    none
  Source: (none)
  Source output name: (none)
  Release Data: Off
  Data Released: False
  Global Release Data: Off
  PipelineMTime: 0
  UpdateMTime: 1934
  RealTimeStamp: 0 seconds 
  LargestPossibleRegion: 
    Dimension: 3
    Index: [0, 0, 0]
    Size: [448, 448, 160]
  BufferedRegion: 
    Dimension: 3
    Index: [0, 0, 0]
    Size: [448, 448, 160]
  RequestedRegion: 
    Dimension: 3
    Index: [0, 0, 0]
    Size: [448, 448, 160]
  Spacing: [0.5, 0.5, 1.1]
  Origin: [-105.426, -102.831, -54.0213]
  Direction: 
0.999702 -0.0244307 2.55108e-08
0.0244158 0.999093 0.0348995
-0.000852645 -0.0348891 0.999391

  IndexToPointMatrix: 
0.499851 -0.0122154 2.80619e-08
0.0122079 0.499546 0.0383894
-0.000426323 -0.0174445 1.09933

  PointToIndexMatrix: 
1.9994 0.0488317 -0.00170529
-0.0488614 1.99819 -0.0697782
2.31535e-08 0.0317268 0.908537

  Inverse Direction: 
0.999702 0.0244158 -0.000852645
-0.0244307 0.999093 -0.0348891
2.54688e-08 0.0348995 0.999391

  PixelContainer: 
    ImportImageContainer (0x55da7e0)
      RTTI typeinfo:   itk::ImportImageContainer<unsigned long, double>
      Reference Count: 1
      Modified Time: 1931
      Debug: Off
      Object Name: 
      Observers: 
        none
      Pointer: 0x7fdd736d4010
      Container manages memory: true
      Size: 32112640
      Capacity: 32112640

     Weighting = 1
     Sampling strategy = regular
     Number of bins = 32
     Radius = 4
     Sampling percentage  = 0.25
   Transform = Affine
     Gradient step = 0.1
     Update field sigma (voxel space) = 0
     Total field sigma (voxel space) = 0
     Update field time sigma = 0
     Total field time sigma  = 0
     Number of time indices = 0
     Number of time point samples = 0
Registration using 2 total stages.
Transform file does not exist: /array/hdd/msmajdi/data/preprocessed/Siemens/UA_adcc/CSFn/step0_uncropped//case_10_UA_Siemens_WMn/aff0GenericAffine.mat

Stage 0
  iterations = 1000x500x250x100
  convergence threshold = 1e-07
  convergence window size = 10
  number of levels = 4
  using the Mattes MI metric (number of bins = 32, weight = 1)
 file /array/hdd/msmajdi/data/preprocessed/Siemens/UA_adcc/CSFn/step0_uncropped//case_10_UA_Siemens_WMn/Label/12-MD-Pf.nii.gz does not exist . 
Dimension = 3
Number of stages = 2
Use Histogram Matching false
Winsorize image intensities false
Lower quantile = 0
Upper quantile = 1
Stage 1 State
   Image metric = Mattes
     Fixed image = Image (0x4c58c60)
  RTTI typeinfo:   itk::Image<double, 3u>
  Reference Count: 2
  Modified Time: 1584
  Debug: Off
  Object Name: 
  Observers: 
    none
  Source: (none)
  Source output name: (none)
  Release Data: Off
  Data Released: False
  Global Release Data: Off
  PipelineMTime: 0
  UpdateMTime: 1406
  RealTimeStamp: 0 seconds 
  LargestPossibleRegion: 
    Dimension: 3
    Index: [0, 0, 0]
    Size: [256, 256, 176]
  BufferedRegion: 
    Dimension: 3
    Index: [0, 0, 0]
    Size: [256, 256, 176]
  RequestedRegion: 
    Dimension: 3
    Index: [0, 0, 0]
    Size: [256, 256, 176]
  Spacing: [1, 1, 1]
  Origin: [-95.65, -129.228, 135.771]
  Direction: 
0.00514612 0.00295552 0.999982
0.999124 -0.0415422 -0.00501892
-0.0415267 -0.999132 0.00316671

  IndexToPointMatrix: 
0.00514612 0.00295552 0.999982
0.999124 -0.0415422 -0.00501892
-0.0415267 -0.999132 0.00316671

  PointToIndexMatrix: 
0.00514612 0.999124 -0.0415267
0.00295552 -0.0415422 -0.999132
0.999982 -0.00501892 0.00316671

  Inverse Direction: 
0.00514612 0.999124 -0.0415267
0.00295552 -0.0415422 -0.999132
0.999982 -0.00501892 0.00316671

  PixelContainer: 
    ImportImageContainer (0x4c545c0)
      RTTI typeinfo:   itk::ImportImageContainer<unsigned long, double>
      Reference Count: 1
      Modified Time: 1403
      Debug: Off
      Object Name: 
      Observers: 
        none
      Pointer: 0x7f078e691010
      Container manages memory: true
      Size: 11534336
      Capacity: 11534336

     Moving image = Image (0x4c555b0)
  RTTI typeinfo:   itk::Image<double, 3u>
  Reference Count: 2
  Modified Time: 1585
  Debug: Off
  Object Name: 
  Observers: 
    none
  Source: (none)
  Source output name: (none)
  Release Data: Off
  Data Released: False
  Global Release Data: Off
  PipelineMTime: 0
  UpdateMTime: 1582
  RealTimeStamp: 0 seconds 
  LargestPossibleRegion: 
    Dimension: 3
    Index: [0, 0, 0]
    Size: [448, 448, 160]
  BufferedRegion: 
    Dimension: 3
    Index: [0, 0, 0]
    Size: [448, 448, 160]
  RequestedRegion: 
    Dimension: 3
    Index: [0, 0, 0]
    Size: [448, 448, 160]
  Spacing: [0.5, 0.5, 1.1]
  Origin: [-106.707, -116.939, -42.7873]
  Direction: 
0.999701 -0.024434 -1.74014e-07
0.0239769 0.981 0.192522
-0.0047039 -0.192464 0.981293

  IndexToPointMatrix: 
0.499851 -0.012217 -1.91415e-07
0.0119885 0.4905 0.211774
-0.00235195 -0.0962322 1.07942

  PointToIndexMatrix: 
1.9994 0.0479538 -0.00940781
-0.0488679 1.962 -0.384929
-1.5791e-07 0.17502 0.892084

  Inverse Direction: 
0.999701 0.0239769 -0.0047039
-0.024434 0.981 -0.192464
-1.73701e-07 0.192522 0.981293

  PixelContainer: 
    ImportImageContainer (0x4c4c730)
      RTTI typeinfo:   itk::ImportImageContainer<unsigned long, double>
      Reference Count: 1
      Modified Time: 1579
      Debug: Off
      Object Name: 
      Observers: 
        none
      Pointer: 0x7f077f190010
      Container manages memory: true
      Size: 32112640
      Capacity: 32112640

     Weighting = 1
     Sampling strategy = regular
     Number of bins = 32
     Radius = 4
     Sampling percentage  = 0.25
   Transform = Rigid
     Gradient step = 0.1
     Update field sigma (voxel space) = 0
     Total field sigma (voxel space) = 0
     Update field time sigma = 0
     Total field time sigma  = 0
     Number of time indices = 0
     Number of time point samples = 0
Stage 2 State
   Image metric = Mattes
     Fixed image = Image (0x4c651f0)
  RTTI typeinfo:   itk::Image<double, 3u>
  Reference Count: 2
  Modified Time: 1936
  Debug: Off
  Object Name: 
  Observers: 
    none
  Source: (none)
  Source output name: (none)
  Release Data: Off
  Data Released: False
  Global Release Data: Off
  PipelineMTime: 0
  UpdateMTime: 1758
  RealTimeStamp: 0 seconds 
  LargestPossibleRegion: 
    Dimension: 3
    Index: [0, 0, 0]
    Size: [256, 256, 176]
  BufferedRegion: 
    Dimension: 3
    Index: [0, 0, 0]
    Size: [256, 256, 176]
  RequestedRegion: 
    Dimension: 3
    Index: [0, 0, 0]
    Size: [256, 256, 176]
  Spacing: [1, 1, 1]
  Origin: [-95.65, -129.228, 135.771]
  Direction: 
0.00514612 0.00295552 0.999982
0.999124 -0.0415422 -0.00501892
-0.0415267 -0.999132 0.00316671

  IndexToPointMatrix: 
0.00514612 0.00295552 0.999982
0.999124 -0.0415422 -0.00501892
-0.0415267 -0.999132 0.00316671

  PointToIndexMatrix: 
0.00514612 0.999124 -0.0415267
0.00295552 -0.0415422 -0.999132
0.999982 -0.00501892 0.00316671

  Inverse Direction: 
0.00514612 0.999124 -0.0415267
0.00295552 -0.0415422 -0.999132
0.999982 -0.00501892 0.00316671

  PixelContainer: 
    ImportImageContainer (0x4c56e70)
      RTTI typeinfo:   itk::ImportImageContainer<unsigned long, double>
      Reference Count: 1
      Modified Time: 1755
      Debug: Off
      Object Name: 
      Observers: 
        none
      Pointer: 0x7f077998f010
      Container manages memory: true
      Size: 11534336
      Capacity: 11534336

     Moving image = Image (0x4c67440)
  RTTI typeinfo:   itk::Image<double, 3u>
  Reference Count: 2
  Modified Time: 1937
  Debug: Off
  Object Name: 
  Observers: 
    none
  Source: (none)
  Source output name: (none)
  Release Data: Off
  Data Released: False
  Global Release Data: Off
  PipelineMTime: 0
  UpdateMTime: 1934
  RealTimeStamp: 0 seconds 
  LargestPossibleRegion: 
    Dimension: 3
    Index: [0, 0, 0]
    Size: [448, 448, 160]
  BufferedRegion: 
    Dimension: 3
    Index: [0, 0, 0]
    Size: [448, 448, 160]
  RequestedRegion: 
    Dimension: 3
    Index: [0, 0, 0]
    Size: [448, 448, 160]
  Spacing: [0.5, 0.5, 1.1]
  Origin: [-106.707, -116.939, -42.7873]
  Direction: 
0.999701 -0.024434 -1.74014e-07
0.0239769 0.981 0.192522
-0.0047039 -0.192464 0.981293

  IndexToPointMatrix: 
0.499851 -0.012217 -1.91415e-07
0.0119885 0.4905 0.211774
-0.00235195 -0.0962322 1.07942

  PointToIndexMatrix: 
1.9994 0.0479538 -0.00940781
-0.0488679 1.962 -0.384929
-1.5791e-07 0.17502 0.892084

  Inverse Direction: 
0.999701 0.0239769 -0.0047039
-0.024434 0.981 -0.192464
-1.73701e-07 0.192522 0.981293

  PixelContainer: 
    ImportImageContainer (0x4c489d0)
      RTTI typeinfo:   itk::ImportImageContainer<unsigned long, double>
      Reference Count: 1
      Modified Time: 1931
      Debug: Off
      Object Name: 
      Observers: 
        none
      Pointer: 0x7f076a48e010
      Container manages memory: true
      Size: 32112640
      Capacity: 32112640

     Weighting = 1
     Sampling strategy = regular
     Number of bins = 32
     Radius = 4
     Sampling percentage  = 0.25
   Transform = Affine
     Gradient step = 0.1
     Update field sigma (voxel space) = 0
     Total field sigma (voxel space) = 0
     Update field time sigma = 0
     Total field time sigma  = 0
     Number of time indices = 0
     Number of time point samples = 0
Registration using 2 total stages.

Stage 0
  iterations = 1000x500x250x100
  convergence threshold = 1e-07
  convergence window size = 10
  number of levels = 4
  using the Mattes MI metric (number of bins = 32, weight = 1)
Transform file does not exist: /array/hdd/msmajdi/data/preprocessed/Siemens/UA_adcc/CSFn/step0_uncropped//case_10_UA_Siemens_WMn/aff0GenericAffine.mat
  Shrink factors (level 1 out of 4): [8, 8, 8]
  Shrink factors (level 2 out of 4): [4, 4, 4]
  Shrink factors (level 3 out of 4): [2, 2, 2]
  Shrink factors (level 4 out of 4): [1, 1, 1]
  smoothing sigmas per level: [3, 2, 1, 0]
  regular sampling (percentage = 0.25)
  Shrink factors (level 1 out of 4): [8, 8, 8]
  Shrink factors (level 2 out of 4): [4, 4, 4]
  Shrink factors (level 3 out of 4): [2, 2, 2]
  Shrink factors (level 4 out of 4): [1, 1, 1]
  smoothing sigmas per level: [3, 2, 1, 0]
  regular sampling (percentage = 0.25)
 file /array/hdd/msmajdi/data/preprocessed/Siemens/UA_adcc/CSFn/step0_uncropped//case_10_UA_Siemens_WMn/Label/13-Hb.nii.gz does not exist . 

*** Running Euler3DTransform registration ***


*** Running Euler3DTransform registration ***

Transform file does not exist: /array/hdd/msmajdi/data/preprocessed/Siemens/UA_adcc/CSFn/step0_uncropped//case_10_UA_Siemens_WMn/aff0GenericAffine.mat
 file /array/hdd/msmajdi/data/preprocessed/Siemens/UA_adcc/CSFn/step0_uncropped//case_10_UA_Siemens_WMn/Label/14-MTT.nii.gz does not exist . 
Dimension = 3
Number of stages = 2
Use Histogram Matching false
Winsorize image intensities false
Lower quantile = 0
Upper quantile = 1
Stage 1 State
   Image metric = Mattes
     Fixed image = Image (0x3952da0)
  RTTI typeinfo:   itk::Image<double, 3u>
  Reference Count: 2
  Modified Time: 1584
  Debug: Off
  Object Name: 
  Observers: 
    none
  Source: (none)
  Source output name: (none)
  Release Data: Off
  Data Released: False
  Global Release Data: Off
  PipelineMTime: 0
  UpdateMTime: 1406
  RealTimeStamp: 0 seconds 
  LargestPossibleRegion: 
    Dimension: 3
    Index: [0, 0, 0]
    Size: [256, 256, 176]
  BufferedRegion: 
    Dimension: 3
    Index: [0, 0, 0]
    Size: [256, 256, 176]
  RequestedRegion: 
    Dimension: 3
    Index: [0, 0, 0]
    Size: [256, 256, 176]
  Spacing: [1, 1, 1]
  Origin: [-87.4035, -130.672, 127.061]
  Direction: 
0.00387566 -0.0142938 0.99989
0.999926 0.0115721 -0.00371038
0.0115178 -0.999831 -0.0143376

  IndexToPointMatrix: 
0.00387566 -0.0142938 0.99989
0.999926 0.0115721 -0.00371038
0.0115178 -0.999831 -0.0143376

  PointToIndexMatrix: 
0.00387566 0.999926 0.0115178
-0.0142938 0.0115721 -0.999831
0.99989 -0.00371038 -0.0143376

  Inverse Direction: 
0.00387566 0.999926 0.0115178
-0.0142938 0.0115721 -0.999831
0.99989 -0.00371038 -0.0143376

  PixelContainer: 
    ImportImageContainer (0x39505c0)
      RTTI typeinfo:   itk::ImportImageContainer<unsigned long, double>
      Reference Count: 1
      Modified Time: 1403
      Debug: Off
      Object Name: 
      Observers: 
        none
      Pointer: 0x7f83bea62010
      Container manages memory: true
      Size: 11534336
      Capacity: 11534336

     Moving image = Image (0x3950df0)
  RTTI typeinfo:   itk::Image<double, 3u>
  Reference Count: 2
  Modified Time: 1585
  Debug: Off
  Object Name: 
  Observers: 
    none
  Source: (none)
  Source output name: (none)
  Release Data: Off
  Data Released: False
  Global Release Data: Off
  PipelineMTime: 0
  UpdateMTime: 1582
  RealTimeStamp: 0 seconds 
  LargestPossibleRegion: 
    Dimension: 3
    Index: [0, 0, 0]
    Size: [448, 448, 160]
  BufferedRegion: 
    Dimension: 3
    Index: [0, 0, 0]
    Size: [448, 448, 160]
  RequestedRegion: 
    Dimension: 3
    Index: [0, 0, 0]
    Size: [448, 448, 160]
  Spacing: [0.5, 0.5, 1.1]
  Origin: [-114.121, -107.235, -57.1416]
  Direction: 
0.999998 0.00179728 1.81405e-06
-0.00179302 0.997562 0.0697565
0.000123562 -0.0697564 0.997564

  IndexToPointMatrix: 
0.499999 0.000898638 1.99545e-06
-0.000896512 0.498781 0.0767321
6.1781e-05 -0.0348782 1.09732

  PointToIndexMatrix: 
2 -0.00358605 0.000247124
0.00359455 1.99512 -0.139513
1.64914e-06 0.063415 0.906876

  Inverse Direction: 
0.999998 -0.00179302 0.000123562
0.00179728 0.997562 -0.0697564
1.81405e-06 0.0697565 0.997564

  PixelContainer: 
    ImportImageContainer (0x3948730)
      RTTI typeinfo:   itk::ImportImageContainer<unsigned long, double>
      Reference Count: 1
      Modified Time: 1579
      Debug: Off
      Object Name: 
      Observers: 
        none
      Pointer: 0x7f83af561010
      Container manages memory: true
      Size: 32112640
      Capacity: 32112640

     Weighting = 1
     Sampling strategy = regular
     Number of bins = 32
     Radius = 4
     Sampling percentage  = 0.25
   Transform = Rigid
     Gradient step = 0.1
     Update field sigma (voxel space) = 0
     Total field sigma (voxel space) = 0
     Update field time sigma = 0
     Total field time sigma  = 0
     Number of time indices = 0
     Number of time point samples = 0
Stage 2 State
   Image metric = Mattes
     Fixed image = Image (0x3961270)
  RTTI typeinfo:   itk::Image<double, 3u>
  Reference Count: 2
  Modified Time: 1936
  Debug: Off
  Object Name: 
  Observers: 
    none
  Source: (none)
  Source output name: (none)
  Release Data: Off
  Data Released: False
  Global Release Data: Off
  PipelineMTime: 0
  UpdateMTime: 1758
  RealTimeStamp: 0 seconds 
  LargestPossibleRegion: 
    Dimension: 3
    Index: [0, 0, 0]
    Size: [256, 256, 176]
  BufferedRegion: 
    Dimension: 3
    Index: [0, 0, 0]
    Size: [256, 256, 176]
  RequestedRegion: 
    Dimension: 3
    Index: [0, 0, 0]
    Size: [256, 256, 176]
  Spacing: [1, 1, 1]
  Origin: [-87.4035, -130.672, 127.061]
  Direction: 
0.00387566 -0.0142938 0.99989
0.999926 0.0115721 -0.00371038
0.0115178 -0.999831 -0.0143376

  IndexToPointMatrix: 
0.00387566 -0.0142938 0.99989
0.999926 0.0115721 -0.00371038
0.0115178 -0.999831 -0.0143376

  PointToIndexMatrix: 
0.00387566 0.999926 0.0115178
-0.0142938 0.0115721 -0.999831
0.99989 -0.00371038 -0.0143376

  Inverse Direction: 
0.00387566 0.999926 0.0115178
-0.0142938 0.0115721 -0.999831
0.99989 -0.00371038 -0.0143376

  PixelContainer: 
    ImportImageContainer (0x39437e0)
      RTTI typeinfo:   itk::ImportImageContainer<unsigned long, double>
      Reference Count: 1
      Modified Time: 1755
      Debug: Off
      Object Name: 
      Observers: 
        none
      Pointer: 0x7f83a9d60010
      Container manages memory: true
      Size: 11534336
      Capacity: 11534336

     Moving image = Image (0x3963570)
  RTTI typeinfo:   itk::Image<double, 3u>
  Reference Count: 2
  Modified Time: 1937
  Debug: Off
  Object Name: 
  Observers: 
    none
  Source: (none)
  Source output name: (none)
  Release Data: Off
  Data Released: False
  Global Release Data: Off
  PipelineMTime: 0
  UpdateMTime: 1934
  RealTimeStamp: 0 seconds 
  LargestPossibleRegion: 
    Dimension: 3
    Index: [0, 0, 0]
    Size: [448, 448, 160]
  BufferedRegion: 
    Dimension: 3
    Index: [0, 0, 0]
    Size: [448, 448, 160]
  RequestedRegion: 
    Dimension: 3
    Index: [0, 0, 0]
    Size: [448, 448, 160]
  Spacing: [0.5, 0.5, 1.1]
  Origin: [-114.121, -107.235, -57.1416]
  Direction: 
0.999998 0.00179728 1.81405e-06
-0.00179302 0.997562 0.0697565
0.000123562 -0.0697564 0.997564

  IndexToPointMatrix: 
0.499999 0.000898638 1.99545e-06
-0.000896512 0.498781 0.0767321
6.1781e-05 -0.0348782 1.09732

  PointToIndexMatrix: 
2 -0.00358605 0.000247124
0.00359455 1.99512 -0.139513
1.64914e-06 0.063415 0.906876

  Inverse Direction: 
0.999998 -0.00179302 0.000123562
0.00179728 0.997562 -0.0697564
1.81405e-06 0.0697565 0.997564

  PixelContainer: 
    ImportImageContainer (0x3963830)
      RTTI typeinfo:   itk::ImportImageContainer<unsigned long, double>
      Reference Count: 1
      Modified Time: 1931
      Debug: Off
      Object Name: 
      Observers: 
        none
      Pointer: 0x7f839a85f010
      Container manages memory: true
      Size: 32112640
      Capacity: 32112640

     Weighting = 1
     Sampling strategy = regular
     Number of bins = 32
     Radius = 4
     Sampling percentage  = 0.25
   Transform = Affine
     Gradient step = 0.1
     Update field sigma (voxel space) = 0
     Total field sigma (voxel space) = 0
     Update field time sigma = 0
     Total field time sigma  = 0
     Number of time indices = 0
     Number of time point samples = 0
Registration using 2 total stages.

Stage 0
  iterations = 1000x500x250x100
  convergence threshold = 1e-07
  convergence window size = 10
  number of levels = 4
  using the Mattes MI metric (number of bins = 32, weight = 1)
Dimension = 3
Number of stages = 2
Use Histogram Matching false
Winsorize image intensities false
Lower quantile = 0
Upper quantile = 1
Stage 1 State
   Image metric = Mattes
     Fixed image = Image (0x3fadb00)
  RTTI typeinfo:   itk::Image<double, 3u>
  Reference Count: 2
  Modified Time: 1584
  Debug: Off
  Object Name: 
  Observers: 
    none
  Source: (none)
  Source output name: (none)
  Release Data: Off
  Data Released: False
  Global Release Data: Off
  PipelineMTime: 0
  UpdateMTime: 1406
  RealTimeStamp: 0 seconds 
  LargestPossibleRegion: 
    Dimension: 3
    Index: [0, 0, 0]
    Size: [256, 256, 176]
  BufferedRegion: 
    Dimension: 3
    Index: [0, 0, 0]
    Size: [256, 256, 176]
  RequestedRegion: 
    Dimension: 3
    Index: [0, 0, 0]
    Size: [256, 256, 176]
  Spacing: [1, 1, 1]
  Origin: [-83.2679, -172.223, 86.4442]
  Direction: 
-0.0904779 0.0169889 0.995754
0.971822 0.220029 0.0845494
0.217658 -0.975345 0.0364179

  IndexToPointMatrix: 
-0.0904779 0.0169889 0.995754
0.971822 0.220029 0.0845494
0.217658 -0.975345 0.0364179

  PointToIndexMatrix: 
-0.0904779 0.971822 0.217658
0.0169889 0.220029 -0.975345
0.995754 0.0845494 0.0364179

  Inverse Direction: 
-0.0904779 0.971822 0.217658
0.0169889 0.220029 -0.975345
0.995754 0.0845494 0.0364179

  PixelContainer: 
    ImportImageContainer (0x3fab5c0)
      RTTI typeinfo:   itk::ImportImageContainer<unsigned long, double>
      Reference Count: 1
      Modified Time: 1403
      Debug: Off
      Object Name: 
      Observers: 
        none
      Pointer: 0x7fe0780cc010
      Container manages memory: true
      Size: 11534336
      Capacity: 11534336

     Moving image = Image (0x3fabdf0)
  RTTI typeinfo:   itk::Image<double, 3u>
  Reference Count: 2
  Modified Time: 1585
  Debug: Off
  Object Name: 
  Observers: 
    none
  Source: (none)
  Source output name: (none)
  Release Data: Off
  Data Released: False
  Global Release Data: Off
  PipelineMTime: 0
  UpdateMTime: 1582
  RealTimeStamp: 0 seconds 
  LargestPossibleRegion: 
    Dimension: 3
    Index: [0, 0, 0]
    Size: [448, 448, 160]
  BufferedRegion: 
    Dimension: 3
    Index: [0, 0, 0]
    Size: [448, 448, 160]
  RequestedRegion: 
    Dimension: 3
    Index: [0, 0, 0]
    Size: [448, 448, 160]
  Spacing: [0.5, 0.5, 1.1]
  Origin: [-107.153, -132.328, -60.5407]
  Direction: 
0.996345 -0.0854182 -6.94075e-08
0.0849503 0.990887 0.104528
-0.00892857 -0.104146 0.994522

  IndexToPointMatrix: 
0.498173 -0.0427091 -7.63482e-08
0.0424752 0.495444 0.114981
-0.00446428 -0.0520732 1.09397

  PointToIndexMatrix: 
1.99269 0.169901 -0.0178571
-0.170836 1.98177 -0.208293
-6.34582e-08 0.0950259 0.904111

  Inverse Direction: 
0.996345 0.0849503 -0.00892857
-0.0854182 0.990887 -0.104146
-6.98041e-08 0.104528 0.994522

  PixelContainer: 
    ImportImageContainer (0x3fa3730)
      RTTI typeinfo:   itk::ImportImageContainer<unsigned long, double>
      Reference Count: 1
      Modified Time: 1579
      Debug: Off
      Object Name: 
      Observers: 
        none
      Pointer: 0x7fe068bcb010
      Container manages memory: true
      Size: 32112640
      Capacity: 32112640

     Weighting = 1
     Sampling strategy = regular
     Number of bins = 32
     Radius = 4
     Sampling percentage  = 0.25
   Transform = Rigid
     Gradient step = 0.1
     Update field sigma (voxel space) = 0
     Total field sigma (voxel space) = 0
     Update field time sigma = 0
     Total field time sigma  = 0
     Number of time indices = 0
     Number of time point samples = 0
Stage 2 State
   Image metric = Mattes
     Fixed image = Image (0x3fbc270)
  RTTI typeinfo:   itk::Image<double, 3u>
  Reference Count: 2
  Modified Time: 1936
  Debug: Off
  Object Name: 
  Observers: 
    none
  Source: (none)
  Source output name: (none)
  Release Data: Off
  Data Released: False
  Global Release Data: Off
  PipelineMTime: 0
  UpdateMTime: 1758
  RealTimeStamp: 0 seconds 
  LargestPossibleRegion: 
    Dimension: 3
    Index: [0, 0, 0]
    Size: [256, 256, 176]
  BufferedRegion: 
    Dimension: 3
    Index: [0, 0, 0]
    Size: [256, 256, 176]
  RequestedRegion: 
    Dimension: 3
    Index: [0, 0, 0]
    Size: [256, 256, 176]
  Spacing: [1, 1, 1]
  Origin: [-83.2679, -172.223, 86.4442]
  Direction: 
-0.0904779 0.0169889 0.995754
0.971822 0.220029 0.0845494
0.217658 -0.975345 0.0364179

  IndexToPointMatrix: 
-0.0904779 0.0169889 0.995754
0.971822 0.220029 0.0845494
0.217658 -0.975345 0.0364179

  PointToIndexMatrix: 
-0.0904779 0.971822 0.217658
0.0169889 0.220029 -0.975345
0.995754 0.0845494 0.0364179

  Inverse Direction: 
-0.0904779 0.971822 0.217658
0.0169889 0.220029 -0.975345
0.995754 0.0845494 0.0364179

  PixelContainer: 
    ImportImageContainer (0x3f9e7e0)
      RTTI typeinfo:   itk::ImportImageContainer<unsigned long, double>
      Reference Count: 1
      Modified Time: 1755
      Debug: Off
      Object Name: 
      Observers: 
        none
      Pointer: 0x7fe0633ca010
      Container manages memory: true
      Size: 11534336
      Capacity: 11534336

     Moving image = Image (0x3fbe540)
  RTTI typeinfo:   itk::Image<double, 3u>
  Reference Count: 2
  Modified Time: 1937
  Debug: Off
  Object Name: 
  Observers: 
    none
  Source: (none)
  Source output name: (none)
  Release Data: Off
  Data Released: False
  Global Release Data: Off
  PipelineMTime: 0
  UpdateMTime: 1934
  RealTimeStamp: 0 seconds 
  LargestPossibleRegion: 
    Dimension: 3
    Index: [0, 0, 0]
    Size: [448, 448, 160]
  BufferedRegion: 
    Dimension: 3
    Index: [0, 0, 0]
    Size: [448, 448, 160]
  RequestedRegion: 
    Dimension: 3
    Index: [0, 0, 0]
    Size: [448, 448, 160]
  Spacing: [0.5, 0.5, 1.1]
  Origin: [-107.153, -132.328, -60.5407]
  Direction: 
0.996345 -0.0854182 -6.94075e-08
0.0849503 0.990887 0.104528
-0.00892857 -0.104146 0.994522

  IndexToPointMatrix: 
0.498173 -0.0427091 -7.63482e-08
0.0424752 0.495444 0.114981
-0.00446428 -0.0520732 1.09397

  PointToIndexMatrix: 
1.99269 0.169901 -0.0178571
-0.170836 1.98177 -0.208293
-6.34582e-08 0.0950259 0.904111

  Inverse Direction: 
0.996345 0.0849503 -0.00892857
-0.0854182 0.990887 -0.104146
-6.98041e-08 0.104528 0.994522

  PixelContainer: 
    ImportImageContainer (0x3fbe800)
      RTTI typeinfo:   itk::ImportImageContainer<unsigned long, double>
      Reference Count: 1
      Modified Time: 1931
      Debug: Off
      Object Name: 
      Observers: 
        none
      Pointer: 0x7fe053ec9010
      Container manages memory: true
      Size: 32112640
      Capacity: 32112640

     Weighting = 1
     Sampling strategy = regular
     Number of bins = 32
     Radius = 4
     Sampling percentage  = 0.25
   Transform = Affine
     Gradient step = 0.1
     Update field sigma (voxel space) = 0
     Total field sigma (voxel space) = 0
     Update field time sigma = 0
     Total field time sigma  = 0
     Number of time indices = 0
     Number of time point samples = 0
Registration using 2 total stages.

Stage 0
  iterations = 1000x500x250x100
  convergence threshold = 1e-07
  convergence window size = 10
  number of levels = 4
  using the Mattes MI metric (number of bins = 32, weight = 1)
Transform file does not exist: /array/hdd/msmajdi/data/preprocessed/Siemens/UA_adcc/CSFn/step0_uncropped//case_10_UA_Siemens_WMn/aff0GenericAffine.mat
/array/ssd/msmajdi/anaconda3/envs/new-env-fb/lib/python3.6/site-packages/tensorflow/python/framework/dtypes.py:523: FutureWarning: Passing (type, 1) or '1type' as a synonym of type is deprecated; in a future version of numpy, it will be understood as (type, (1,)) / '(1,)type'.
  _np_qint8 = np.dtype([("qint8", np.int8, 1)])
/array/ssd/msmajdi/anaconda3/envs/new-env-fb/lib/python3.6/site-packages/tensorflow/python/framework/dtypes.py:524: FutureWarning: Passing (type, 1) or '1type' as a synonym of type is deprecated; in a future version of numpy, it will be understood as (type, (1,)) / '(1,)type'.
  _np_quint8 = np.dtype([("quint8", np.uint8, 1)])
/array/ssd/msmajdi/anaconda3/envs/new-env-fb/lib/python3.6/site-packages/tensorflow/python/framework/dtypes.py:525: FutureWarning: Passing (type, 1) or '1type' as a synonym of type is deprecated; in a future version of numpy, it will be understood as (type, (1,)) / '(1,)type'.
  _np_qint16 = np.dtype([("qint16", np.int16, 1)])
/array/ssd/msmajdi/anaconda3/envs/new-env-fb/lib/python3.6/site-packages/tensorflow/python/framework/dtypes.py:526: FutureWarning: Passing (type, 1) or '1type' as a synonym of type is deprecated; in a future version of numpy, it will be understood as (type, (1,)) / '(1,)type'.
  _np_quint16 = np.dtype([("quint16", np.uint16, 1)])
/array/ssd/msmajdi/anaconda3/envs/new-env-fb/lib/python3.6/site-packages/tensorflow/python/framework/dtypes.py:527: FutureWarning: Passing (type, 1) or '1type' as a synonym of type is deprecated; in a future version of numpy, it will be understood as (type, (1,)) / '(1,)type'.
  _np_qint32 = np.dtype([("qint32", np.int32, 1)])
